10,145
10,31
10,92
10,20
10,125
10,160
10,244
10,312
10,2
10,3
11,11
9,5
9,7
8,8
8,15
8,11
8,4
0,526
102,4
102,3
102,2
102,1
102,0
100,3
100,2
100,1
100,0
99,5
99,4
99,3
99,2
99,1
99,0
97,6
97,5
97,4
97,3
97,2
97,1
97,0
95,5
95,4
95,3
95,2
95,1
95,0
92,3
92,2
92,1
92,0
90,4
90,3
90,2
90,1
90,0
89,4
89,3
89,2
89,1
89,0
88,7
88,6
88,5
88,4
88,3
88,2
88,1
88,0
84,6
84,5
84,4
84,3
84,2
84,1
84,0
73,6
73,5
73,4
73,3
73,2
73,1
20,3
20,2
20,1
19,3
19,2
19,1
12,3
12,2
12,1
11,30
11,29
11,28
11,27
11,26
11,25
11,24
11,23
11,22
11,21
11,18
11,17
11,16
11,15
11,14
11,12
11,10
11,9
11,8
11,7
11,6
11,4
11,3
11,2
11,1
10,308
10,306
10,302
10,295
10,268
10,238
10,183
